28.809932
18.412623
17.596212
19.997309
16.877619
18.579568
42.291519
35.451274
28.497356
21.660501
2.177717
19.431299
21.445722
23.726678
21.119447
19.984984
18.452936
35.116669
26.310814
26.782579
28.807059
21.07483
16.837774
6.466535
25.355956
22.855883
27.469573
12.138089
28.256686
23.365013
25.589487
17.795984
25.091594
17.178658
28.893466
21.738399
28.4111
21.943337
12.774971
17.21265
5.263918
26.901789
23.926655
26.146503
26.908827
27.591437
25.36694
36.062877
56.224685
