64.858346
57.017244
60.430767
55.551349
51.003805
62.986308
81.00828
69.475262
70.789292
64.786022
70.008689
59.00323
59.358241
56.692976
54.76216
58.858709
60.531124
69.564049
60.564875
67.172129
62.777649
55.443233
47.960406
55.451197
66.786337
66.676537
65.665965
68.231907
69.601487
67.821489
64.789531
60.651768
68.369339
49.996929
69.915275
60.276519
67.040505
66.788635
62.32333
61.525566
79.583372
64.443828
58.879512
62.327504
63.729239
62.845425
60.678126
75.210559
81.079281
