99.823203
99.974278
99.974276
99.974277
99.974278
99.966631
99.974271
99.97427
99.974277
99.974277
99.974276
99.974279
99.974276
99.974278
99.974278
99.974277
99.974278
99.974277
99.974277
99.974276
99.974277
99.974278
99.974279
99.974278
99.95975
99.974277
99.974278
99.974279
99.969028
99.974275
99.974279
99.974277
99.974275
99.974277
99.974279
99.974279
99.97428
99.974277
99.974275
99.974277
99.974276
99.974116
99.974273
99.974276
99.974279
99.97428
99.97428
99.974274
99.204248
