84.117964
81.460624
82.465457
78.955826
75.455188
86.249306
94.086702
90.155937
90.218296
86.733288
89.239922
82.202545
83.629776
80.875505
78.494849
83.7301
86.226021
85.258591
79.995224
86.363677
81.773294
79.031768
73.123347
80.700778
86.994267
89.133614
90.791041
87.50057
88.832031
89.334885
87.120667
83.67714
87.533761
71.430146
97.037422
90.168439
86.066994
86.593761
82.415248
83.556577
92.068418
85.276808
78.86339
84.84845
87.119023
86.680563
84.040637
92.020773
91.66566
