75.043369
69.839987
73.587374
69.474665
64.23322
75.14582
89.177904
82.426144
82.430225
76.960357
82.096766
70.906301
73.534048
70.998108
67.735752
72.569044
75.662786
79.137254
72.000653
79.134663
74.235946
68.532883
63.455907
68.420849
78.698824
79.644231
80.745588
80.893459
80.053124
80.154442
78.009495
72.909556
79.771897
62.28877
87.732581
77.763467
77.846693
77.292461
74.001829
72.886388
86.974261
75.706383
71.343181
75.003938
77.745919
77.309224
74.51099
86.366143
87.994666
