94.602386
90.683379
90.483169
89.788956
85.928154
94.229141
97.582873
97.908255
96.808308
94.962414
95.957675
92.483401
93.510922
91.568178
88.830113
93.514387
94.650033
92.142023
89.30989
93.680429
90.785318
89.398189
85.954529
89.320458
93.348429
97.271626
97.509012
93.311238
96.041687
96.863845
94.816085
92.910185
95.193139
81.858634
99.177905
97.217465
93.825455
93.982147
90.92969
91.34334
97.297482
92.902955
87.659279
95.172719
96.481395
95.602302
92.485503
97.895096
95.950925
